image: /home/intel/Project/data/map/11.pgm
resolution: 0.050000
origin: [-30.152240, -60.148206, 0.0]
negate: 0
occupied_thresh: 0.65
free_thresh: 0.196
