image: /home/intel/Project/data/map/12.pgm
resolution: 0.050000
origin: [-30.561707, -60.047705, 0.0]
negate: 0
occupied_thresh: 0.65
free_thresh: 0.196
