image: /home/intel/Project/data/map/13.pgm
resolution: 0.050000
origin: [-28.260562, -60.555817, 0.0]
negate: 0
occupied_thresh: 0.65
free_thresh: 0.196
