image: /home/intel/Project/data/map/14.pgm
resolution: 0.050000
origin: [-27.844843, -61.631812, 0.0]
negate: 0
occupied_thresh: 0.65
free_thresh: 0.196
