image: /home/intel/Project/data/map/15.pgm
resolution: 0.050000
origin: [-29.264801, -60.902942, 0.0]
negate: 0
occupied_thresh: 0.65
free_thresh: 0.196
