image: /home/intel/Project/data/map/16.pgm
resolution: 0.050000
origin: [-32.964664, -70.203333, 0.0]
negate: 0
occupied_thresh: 0.65
free_thresh: 0.196
