image: /home/intel/Project/data/map/17.pgm
resolution: 0.050000
origin: [-29.255801, -60.101538, 0.0]
negate: 0
occupied_thresh: 0.65
free_thresh: 0.196
