image: /home/intel/Project/data/map/18.pgm
resolution: 0.050000
origin: [-86.523932, -32.175507, 0.0]
negate: 0
occupied_thresh: 0.65
free_thresh: 0.196
