image: /home/intel/Project/data/map/19.pgm
resolution: 0.050000
origin: [-29.229916, -28.673590, 0.0]
negate: 0
occupied_thresh: 0.65
free_thresh: 0.196
