image: /home/intel/Project/data/map/20.pgm
resolution: 0.050000
origin: [-26.738321, -24.470160, 0.0]
negate: 0
occupied_thresh: 0.65
free_thresh: 0.196
