image: /home/intel/Project/data/map/21.pgm
resolution: 0.050000
origin: [-28.357184, -21.603607, 0.0]
negate: 0
occupied_thresh: 0.65
free_thresh: 0.196
