image: /home/intel/Project/data/map/23.pgm
resolution: 0.050000
origin: [-28.214999, -28.735001, 0.0]
negate: 0
occupied_thresh: 0.65
free_thresh: 0.196
