image: /home/intel/Project/data/map/24.pgm
resolution: 0.050000
origin: [-28.059042, -24.084111, 0.0]
negate: 0
occupied_thresh: 0.65
free_thresh: 0.196
