image: /home/intel/Project/data/map/6.pgm
resolution: 0.050000
origin: [-44.089685, -101.891913, 0.0]
negate: 0
occupied_thresh: 0.65
free_thresh: 0.196
